# of preview,# of session,
0,779554,
1,20394,
2,6949,
3,2999,
4,1538,
5,904,
6,556,
7,387,
8,255,
9,228,
10,137,
11,115,
12,89,
13,74,
14,71,
15,69,
16,59,
17,38,
18,27,
19,26,
20,23,
21,22,
22,17,
23,19,
24,17,
25,15,
26,12,
27,9,
28,5,
29,10,
30,9,
31,7,
32,5,
33,8,
34,5,
35,4,
36,7,
37,5,
38,7,
39,3,
40,5,
41,9,
42,5,
43,5,
44,3,
45,6,
46,3,
47,4,
48,4,
49,3,
51,3,
52,2,
53,2,
54,1,
55,1,
56,2,
57,5,
58,1,
59,1,
60,2,
62,6,
63,2,
64,2,
65,2,
66,2,
68,2,
69,1,
71,1,
73,1,
75,2,
76,2,
78,1,
79,1,
80,1,
81,1,
83,1,
89,2,
90,1,
91,1,
92,1,
96,1,
98,1,
127,1,
132,1,
137,1,
308,1,
