# of retrieval,# of session,
0,663602,
1,58507,
2,27438,
3,17097,
4,11635,
5,8162,
6,6096,
7,4518,
8,3427,
9,2626,
10,2008,
11,1519,
12,1257,
13,1022,
14,843,
15,671,
16,592,
17,463,
18,396,
19,336,
20,276,
21,205,
22,206,
23,185,
24,149,
25,154,
26,118,
27,99,
28,87,
29,62,
30,76,
31,91,
32,51,
33,38,
34,45,
35,49,
36,41,
37,34,
38,30,
39,27,
40,31,
41,27,
42,18,
43,25,
44,20,
45,21,
46,26,
47,14,
48,14,
49,22,
50,13,
51,16,
52,17,
53,20,
54,5,
55,8,
56,6,
57,10,
58,7,
59,7,
60,5,
61,4,
62,11,
63,6,
64,11,
65,9,
66,5,
67,5,
68,2,
69,3,
70,7,
71,7,
72,4,
73,2,
74,4,
75,4,
76,2,
77,4,
78,8,
79,2,
80,5,
81,2,
82,3,
83,6,
84,3,
85,7,
86,5,
87,1,
88,1,
91,5,
92,2,
93,4,
94,6,
95,2,
96,2,
97,3,
99,5,
100,2,
101,2,
102,1,
104,1,
105,1,
107,1,
109,1,
110,1,
111,2,
112,2,
113,1,
114,1,
119,1,
121,2,
122,4,
124,1,
125,1,
128,1,
131,1,
133,1,
134,2,
135,1,
136,1,
137,1,
138,1,
139,1,
140,2,
144,1,
154,1,
156,1,
162,1,
170,2,
172,2,
177,1,
180,1,
183,1,
188,1,
203,1,
308,1,
984,1,
