# of search,# of session,
0,457700,
1,247441,
2,39083,
3,22079,
4,14036,
5,9342,
6,6373,
7,4415,
8,3264,
9,2352,
10,1862,
11,1392,
12,1052,
13,877,
14,615,
15,526,
16,382,
17,344,
18,266,
19,190,
20,173,
21,149,
22,137,
23,102,
24,94,
25,72,
26,51,
27,49,
28,46,
29,29,
30,39,
31,17,
32,21,
33,17,
34,23,
35,22,
36,11,
37,10,
38,12,
39,5,
40,11,
41,7,
42,13,
43,9,
44,5,
45,6,
46,3,
47,6,
48,9,
49,2,
50,1,
51,2,
52,3,
53,3,
54,4,
55,2,
56,2,
57,1,
59,4,
61,2,
62,1,
63,1,
65,1,
66,2,
67,1,
68,2,
74,1,
75,1,
76,1,
89,2,
91,1,
115,1,
117,1,
180,1,
193,1,
208,1,
