6959C971083C0E103D309495D29B25D5,2013-01-01,2,10,10,0,0,5.0,0,0,2,0,
40605F0F9E5BDB927CF37AAEA3BFFF14,2013-01-01,0,5,5,0,0,-1,0,0,5,0,
0041713C75AFA04884261FD8A52FCF45,2013-01-01,11,4,4,0,0,0.363636363636,0,0,2,0,
2F89B743AD570A5CAC113B1DD1D33B29,2013-01-01,1,2,2,1,1,3.0,0,0,1,0,
D5233E3095B90DDD56198EBC95808CD1,2013-01-01,3,4,4,1,1,1.66666666667,1,0,0,0,
E04E758DBBCA98F07554D48BB82D0F67,2013-01-01,9,25,25,2,2,3.0,2,0,0,0,
046E0FB73FA7ACA4B702C277E403C466,2013-01-01,1,9,9,1,1,10.0,0,0,8,0,
7490CE5199D6DB7B617D77426E954C6E,2013-01-01,2,2,2,0,0,1.0,0,0,3,0,
6847612516FAA5D76DCEA902F3CF0D94,2013-01-01,5,6,6,0,0,1.2,0,0,2,0,
FD78F0F5C0F62059D137F366406ED14F,2013-01-01,0,0,0,0,0,-1,1,0,0,0,
6C6F6DF7823559345B5A6A6CC0BD16BB,2013-01-01,2,3,3,0,0,1.5,0,0,1,0,
C8AF89973E71B105A32680C17976F823,2013-01-01,1,59,59,43,43,102.0,0,7,0,0,
B40D413F54117F0D1A8AD97792FB032E,2013-01-01,3,9,9,0,0,3.0,0,0,1,0,
47353AA7DEC3514E457799888DA3EDB0,2013-01-01,3,3,3,0,0,1.0,0,0,1,0,
69B1D23A759458A2E75B01738AFAD840,2013-01-01,5,0,0,0,0,0.0,1,0,0,0,
1F27A79AB3DD7DF77B104609207CB672,2013-01-01,1,1,1,0,0,1.0,0,0,1,0,
BCF408E98D584661A723E6E96BD8D527,2013-01-01,1,0,0,0,0,0.0,3,0,0,0,
02E79DE232E87702BDE00495F6FE5181,2013-01-01,0,2,2,0,0,-1,0,0,1,0,
E6DF41013422BEC6C7AAB25690894FAA,2013-01-01,0,16,16,0,0,-1,0,0,8,0,
7CC0AB0E27DC0F45F0BE56EEF370EEE6,2013-01-01,2,0,0,0,0,0.0,1,0,0,0,
8E40A25334322CB53A72EF0D55D0ACF3,2013-01-01,1,0,0,0,0,0.0,2,0,0,0,
CE41E25ABEED73FF71652DFF0A3225E1,2013-01-01,0,0,0,0,0,-1,1,0,0,0,
4C82E5E4B37EDCDCA6214BDE1A155469,2013-01-01,5,19,19,1,1,4.0,8,0,0,0,
23FA2FD7E2B27F2F7FCF980552C30F01,2013-01-01,0,6,6,0,0,-1,0,0,4,0,
2A83510EAAE6EE8ACB9D86BF2DAA2F8E,2013-01-01,9,11,11,0,0,1.22222222222,0,0,1,0,
5DB3C33684A06FF706F4057B726E9A2C,2013-01-01,0,1,1,0,0,-1,0,0,1,0,
9F4694E0E621CE2BF30A1CC0CAE52967,2013-01-01,15,12,12,0,0,0.8,7,0,0,0,
FE19B2130CFF51150D6929847D780CCA,2013-01-01,3,1,1,0,0,0.333333333333,8,0,0,0,
714A32F6ED550D355915624406B23037,2013-01-01,2,7,7,2,2,4.5,0,0,1,0,
72E8D960CD409293AC2FD09AD010480B,2013-01-01,1,3,3,0,0,3.0,0,0,1,0,
AD111C2ADAD1286CE9EA194D4CA7BBDA,2013-01-01,2,2,2,0,0,1.0,0,0,2,0,
072ADFB5E9E0B719BDDAC250E26157F7,2013-01-01,8,4,4,0,0,0.5,0,0,1,0,
39413FE98D7E813901E6482DC00D31EC,2013-01-01,3,23,23,17,17,13.3333333333,2,0,0,0,
1D3ACB2950AC711771C6C498F8AA4D15,2013-01-01,2,3,3,1,1,2.0,0,0,1,0,
A505568E12A6500A7AB04F4A3E4476D2,2013-01-01,2,18,18,6,6,12.0,0,0,1,0,
5C1879A10EBE757DCFF6FD6BD56D4705,2013-01-01,5,4,4,0,0,0.8,0,0,2,0,
D02B276C43CF135938948776A09B76B4,2013-01-01,45,21,21,1,1,0.488888888889,0,0,14,0,
FB02928D590BF870086FD87945F7F4C4,2013-01-01,14,20,20,0,0,1.42857142857,0,0,1,0,
D1E8688FFCB09B6FF45A835FF6F16898,2013-01-01,2,1,1,0,0,0.5,0,0,1,0,
2F6DB16DF9F4C26392E1714751B94C02,2013-01-01,0,0,0,0,0,-1,0,0,1,0,
D7F41CE40BFE870607DD5C034DE188BA,2013-01-01,0,2,2,0,0,-1,0,0,1,0,
F148E000B5E2887E5E9D9813F055B682,2013-01-01,2,6,6,1,1,3.5,3,0,2,0,
818333BCCE7928666F6FA7C399337332,2013-01-01,1,12,12,2,2,14.0,1,1,3,0,
E53E896E7FA4DB65AE3B241004E60BE7,2013-01-01,2,5,5,1,1,3.0,0,0,1,0,
20757FBB1324221C162371E4BB021AE3,2013-01-01,6,10,10,2,2,2.0,0,0,1,0,
4AF73CCB0D3F90124207F6B98DDEEEA2,2013-01-01,1,11,11,2,2,13.0,4,0,0,0,
3AF15EBF177990AFA05A76049409F408,2013-01-01,5,1,1,0,0,0.2,0,0,1,0,
C88C65A4FD1BFAED8A177498A2BB0A2E,2013-01-01,3,4,4,0,0,1.33333333333,0,2,0,0,
AE53D2CA1E0299E47C2EFCFB17BCC5B1,2013-01-01,5,1,1,0,0,0.2,1,0,0,0,
F9F57524858809FC256E4424BFE5A66A,2013-01-01,3,3,3,2,2,1.66666666667,0,0,1,0,
151CFB88534818802A7497784B1390E0,2013-01-01,1,3,3,1,1,4.0,1,0,0,0,
E5CB0228CD90C80481A3A2C4039090A8,2013-01-01,2,10,10,0,0,5.0,0,0,1,0,
EF56D3148A6AC5DE0C3B7F85EBEF6F55,2013-01-01,4,7,7,1,1,2.0,1,0,0,0,
F2FC3FC3CA71C1A4B944839493943FEA,2013-01-01,8,7,7,0,0,0.875,1,0,0,0,
FCEDC4FA168A00996F3CABE29FD08A0C,2013-01-01,5,20,20,5,5,5.0,0,0,3,0,
9F507B163917D9E1A1C2372A4AC1AB0E,2013-01-01,0,2,2,0,0,-1,0,0,1,0,
9CD3364AB4BB6DAB4EF9FFB71A541A5F,2013-01-01,25,1,1,0,0,0.04,4,0,0,0,
CE6B5A54453F7B9B3E55965529997EDC,2013-01-01,0,3,3,0,0,-1,0,1,0,0,
6D4EC4601F196B230D48560FB45FDF3F,2013-01-01,0,5,5,0,0,-1,0,0,4,0,
3A12BFA5B4D9EC59FACCD604AD930628,2013-01-01,4,0,0,0,0,0.0,11,0,0,0,
F3A981BC5D0F72E24F6CF34F0C3C8F8E,2013-01-01,0,1,1,0,0,-1,0,0,1,0,
4A63A05CD53EC13451B996E69673CCA4,2013-01-01,2,4,4,2,2,3.0,0,3,0,0,
C23374E3D2A54E51034186F83869B186,2013-01-01,0,1,1,0,0,-1,0,0,1,0,
F5C3BE75C53511062547685BD3B0858A,2013-01-01,3,4,4,0,0,1.33333333333,0,0,1,0,
4F9237F8307DD8E22D84EF66F55B3377,2013-01-01,0,2,2,0,0,-1,0,0,1,0,
BB34307CCEB4D2EF917A2FB169CFAD41,2013-01-01,4,1,1,0,0,0.25,2,0,0,0,
4235327890D1114B9CA955FBD9035B74,2013-01-01,0,0,0,0,0,-1,3,0,0,0,
D4D0DB1BF868860C942FB32BA41622D3,2013-01-01,8,3,3,1,1,0.5,2,0,0,0,
32EDEA7EDEC4229CDC7D16F7E3AD16EF,2013-01-01,0,1,1,0,0,-1,1,0,1,0,
C2591E79A1757AE1E7441C11261BC6A4,2013-01-01,0,1,1,0,0,-1,0,0,1,0,
3ED0FC6164FAA3EE28F2958EA70015EF,2013-01-01,2,2,2,0,0,1.0,0,0,1,0,
9823377FF142B44A6973DF3331CE56BA,2013-01-01,0,3,3,0,0,-1,0,0,3,0,
E0FC5A55B1A9263D06FC00FB23DE328A,2013-01-01,0,2,2,0,0,-1,0,1,0,0,
B81CAFB7F893060D4E9B00710929D36A,2013-01-01,1,6,6,1,1,7.0,1,0,0,0,
58DFE2B3E1EA2CE4A5AFDACC91048700,2013-01-01,0,1,1,0,0,-1,0,0,2,0,
CDF0D03FE00F3896D10B0D3757016B16,2013-01-01,2,10,10,6,6,8.0,1,0,0,0,
823459BB20D5BBA64C50D5ABE45221E2,2013-01-01,9,10,10,1,1,1.22222222222,1,0,0,0,
3583BAEB2853BE7B89CF2C3B58C37324,2013-01-01,7,6,6,1,1,1.0,0,0,3,0,
8A0FF7358F20B1DC6E81B38CD388E6A3,2013-01-01,3,5,5,5,5,3.33333333333,11,0,0,0,
62BEDF8E810CE1CB88971B339817C3BE,2013-01-01,5,11,11,0,0,2.2,0,0,2,0,
2385A3197D68873321D9CA3116CAF527,2013-01-01,3,1,1,0,0,0.333333333333,0,0,2,0,
99A378D6243467ED7DCE5733C55C81B5,2013-01-01,1,1,1,0,0,1.0,0,0,1,0,
6AE7BA756F3DE2FDDF2C3878C1E4BDCA,2013-01-01,6,80,80,67,67,24.5,0,5,0,0,
66821C9E16136B33126FC9CB961DFADA,2013-01-01,6,8,8,0,0,1.33333333333,0,0,1,0,
584D6CC09561D004EF204E0850168436,2013-01-01,4,6,6,2,2,2.0,0,0,1,0,
30C2561F866BB9094678FFF3D703546B,2013-01-01,0,1,1,0,0,-1,0,0,1,0,
68A6605ACFFFF5D3FDB6127228272CE0,2013-01-01,2,2,2,0,0,1.0,0,0,2,0,
D5D362F7F0B059D64F7A0E70BAF04C59,2013-01-01,3,3,3,2,2,1.66666666667,0,0,2,0,
DCB2283CDB0BA7EC61CD875790FDA95C,2013-01-01,6,5,5,5,5,1.66666666667,7,0,0,0,
79C37AA8BE94FDA9C5C40D44C4B9F179,2013-01-01,1,7,7,3,3,10.0,5,0,1,0,
FB12EEEACAC789FABAAF11F9487C2BBA,2013-01-01,8,7,7,5,5,1.5,0,0,1,0,
FF4834AB4E472AEB761610BBECB73E6B,2013-01-01,0,0,0,0,0,-1,0,0,1,0,
85EEFB10118238EDA248D9DD5F450A58,2013-01-01,8,7,7,3,3,1.25,0,0,5,0,
A99AE4755541E3AB6B85327FF7880B92,2013-01-01,1,0,0,0,0,0.0,1,0,0,0,
B88605EE90BE18D4B24F97C4BC47BC73,2013-01-01,5,4,4,0,0,0.8,0,0,1,0,
940527EF19E1EF25C5B4DD9B2BFF9906,2013-01-01,8,4,4,2,2,0.75,0,0,1,0,
49BF5B0B6DFF043EB61F558CDD7A855F,2013-01-02,23,3,3,0,0,0.130434782609,1,2,0,0,
FBE04943D8B3E9DF7694DF30DCF276FF,2013-01-02,0,1,1,0,0,-1,0,0,1,0,
E17D92B6A4790AA71E6368464CE6BF98,2013-01-02,1,1,1,0,0,1.0,0,0,2,0,
B54152A57788E1BE22B3FF990CEB6A25,2013-01-02,3,26,26,7,7,11.0,0,0,3,0,
A0D35C349CE8F18B697B7061E92293D9,2013-01-02,3,19,19,10,10,9.66666666667,0,0,1,0,
D4B75E2AE1CFFA5073A63AFC7F3245DA,2013-01-02,0,1,1,0,0,-1,0,0,1,0,
53B59BF30314F0DE07959D3540EECE65,2013-01-02,3,3,3,0,0,1.0,3,0,0,0,
231DB3D38E4A57FC40CD2C061FA3C7A0,2013-01-02,14,22,22,2,2,1.71428571429,0,6,0,0,
0761BBC66C00DD6F9E18E834DF78B71D,2013-01-02,3,1,1,0,0,0.333333333333,0,0,1,0,
8E182E4BEE39504FC4B1E4D49D7B359B,2013-01-02,2,4,4,0,0,2.0,1,0,0,0,
BE062EBD071D4A8D42BF7041A24FED2E,2013-01-02,3,2,2,0,0,0.666666666667,0,0,1,0,
33FD29EAC992FAAB8308F885E7E4A6B4,2013-01-02,4,0,0,0,0,0.0,1,0,0,0,
B2C6F4721375B71F37BF20043F8618AB,2013-01-02,0,3,3,0,0,-1,0,0,2,0,
2F15F0EF6FAE454E02E6B533033E820A,2013-01-02,0,1,1,0,0,-1,1,0,0,0,
4457DD8F3A957A800DFC5ED0A02F90F8,2013-01-02,3,3,3,0,0,1.0,1,0,0,0,
39F0D229375A3DB56AB7489863B47168,2013-01-02,1,9,9,4,4,13.0,0,0,4,0,
CB4F813EF927E94183C59A848DA6E8D7,2013-01-02,0,0,0,0,0,-1,1,0,0,0,
5D21C4DE357FAA907453B2D296558075,2013-01-02,4,3,3,1,1,1.0,4,0,0,0,
24EB9392813B0ACF5CC52FC54080C771,2013-01-02,1,1,1,0,0,1.0,0,0,1,0,
A4139CB410CFE1BE8FCADEF1628F1333,2013-01-02,4,1,1,0,0,0.25,0,0,2,0,
78562872B5990BC5A88DD62B920CB903,2013-01-02,1,3,3,0,0,3.0,1,0,0,0,
5E6520095926698062A56E583A6175CB,2013-01-02,4,3,3,1,1,1.0,0,0,3,0,
48E77F7B749E8BAF834D521C7050A18B,2013-01-02,6,4,4,0,0,0.666666666667,0,0,1,0,
185B52C25A9BBB211CB558F65126A99F,2013-01-02,0,0,0,0,0,-1,5,0,0,0,
C1D0E2317673EB69BDC86E8C74015E41,2013-01-02,4,3,3,0,0,0.75,0,0,3,0,
43A30D70627766F9E44B247337998BA7,2013-01-02,1,7,7,0,0,7.0,0,0,4,0,
E5BE55BAB1EF4BA61401BE8D1C8BD62B,2013-01-02,4,2,2,0,0,0.5,0,0,1,0,
ECE88B30A202B1D9CF1345E91646B32F,2013-01-02,1,1,1,0,0,1.0,0,0,1,0,
18CE4F60449B060EFBAC8E78558B83D5,2013-01-02,6,2,2,0,0,0.333333333333,0,0,1,0,
1E798E8CC08E3BCFE09F22900CF68821,2013-01-02,1,1,1,0,0,1.0,0,0,1,0,
CA96D9D92BC4B541A0C7CCF50F4C7C23,2013-01-02,6,7,7,1,1,1.33333333333,2,0,3,0,
81630C068BB16322FE6CCCA10C684A5C,2013-01-02,0,2,2,0,0,-1,0,0,1,0,
25523B2C8FA3E8D5E913A17AE6DAB636,2013-01-02,1,5,5,0,0,5.0,0,0,5,0,
751DAF00A5B7575597C44612B0A43C1E,2013-01-02,13,8,8,1,1,0.692307692308,1,0,0,0,
7D374D96C258712653937626FDC6B6C7,2013-01-02,3,4,4,1,1,1.66666666667,0,0,1,0,
1DD0D85017FEA41C14705F6BDC48316D,2013-01-02,2,1,1,0,0,0.5,0,0,1,0,
A8312A524F1B3AB72B63A7454ABE7193,2013-01-02,6,6,6,1,1,1.16666666667,0,0,2,0,
7AC17C3D68C44624AE453C2BE0FB9985,2013-01-02,0,1,1,0,0,-1,1,0,0,0,
FFEA25AECB410B3E919DBB0C22488D16,2013-01-02,2,3,3,1,1,2.0,1,0,0,0,
8B631CF9BB78474D40A8BE3552EE7DDB,2013-01-02,10,5,5,0,0,0.5,0,0,1,0,
1BE20BFFE41279EC01E9385F84BBE966,2013-01-02,9,8,8,0,0,0.888888888889,0,0,1,0,
921AE65F61F4E965C5BB76F59183161F,2013-01-02,4,5,5,0,0,1.25,0,0,1,0,
EB1BAD15157D1AF15583C2CFF7BC9E9B,2013-01-02,4,2,2,0,0,0.5,0,0,1,0,
FFCB51F5D188B86E5054F23A0E97247D,2013-01-02,1,1,1,0,0,1.0,0,0,1,0,
C6EDC321C0794E4DAA714113E9F6BE95,2013-01-02,2,10,10,0,0,5.0,4,0,0,0,
0E76667B614A651C38CB03C3FA28CA94,2013-01-02,0,4,4,0,0,-1,0,0,3,0,
E6DF41013422BEC6C7AAB25690894FAA,2013-01-02,0,16,16,0,0,-1,0,0,8,0,
10D89BE1004623295C0B0C405D96D60D,2013-01-02,4,6,6,0,0,1.5,0,0,2,0,
0FB4529030F00D2A3BE0177362A8EC37,2013-01-02,8,13,13,1,1,1.75,0,0,3,0,
5F756C1230C22EC0AD6A7C3C7C03EAEF,2013-01-02,0,0,0,0,0,-1,0,0,1,0,
5C50A0EA8B9E58E93017DDF689445151,2013-01-02,3,9,9,4,4,4.33333333333,0,0,2,0,
7232E192D8772B3D16241B2AD279719F,2013-01-02,2,3,3,0,0,1.5,0,0,1,0,
525DDEC7F36DA74B62E2C9F0BAD3E225,2013-01-02,10,5,5,0,0,0.5,2,0,0,0,
39AF18C0EE69DBC47D99D3909F598221,2013-01-02,1,2,2,0,0,2.0,0,1,0,0,
73689B5004BAAB91ECBCFE28A56E57E0,2013-01-02,5,5,5,0,0,1.0,0,0,2,0,
EECE1037364F82AB634E8ADEBCCAF338,2013-01-02,7,8,8,1,1,1.28571428571,2,0,0,0,
1A5D1477DE4B0BDE298FC5DBF3807163,2013-01-02,1,1,1,0,0,1.0,1,0,0,0,
210A6BBECB30D44EA34B675C05C9032D,2013-01-02,1,8,8,4,4,12.0,0,0,3,0,
48AFE699E5D80455F877A5EDD8E5E168,2013-01-02,9,0,0,0,0,0.0,2,0,0,0,
0189DBE895163F2AC57919D35B3B7512,2013-01-02,1,2,2,0,0,2.0,0,0,1,0,
1E71D6B0422F76CBB10D2155EB45DDEC,2013-01-02,4,5,5,0,0,1.25,3,0,0,0,
5A892EB2EA9DC9F8DEF95A640E93C3A9,2013-01-02,1,2,2,0,0,2.0,0,0,1,0,
55D936F842B66003609719E8246FD427,2013-01-02,5,6,6,0,0,1.2,0,0,1,0,
C089AE2B0E85E67C53D2C5FBD417D342,2013-01-02,2,2,2,0,0,1.0,0,0,1,0,
DD73F24BCF4D09C545B860C8700F2128,2013-01-02,1,4,4,0,0,4.0,0,0,2,0,
15DFEF690900A1D382C16E68C87C7532,2013-01-02,2,0,0,0,0,0.0,1,0,0,0,
912A7D48FC4D639320E00D0ECFEADF4F,2013-01-02,1,1,1,0,0,1.0,0,0,1,0,
572A22202ED95D80A77D9BA55CE7003F,2013-01-02,1,8,8,0,0,8.0,0,0,2,0,
A2F8E238DEE638BFDEADA165EBEE5C75,2013-01-02,10,7,7,4,4,1.1,1,0,0,0,
D511634DB464FC56672378F30200BB45,2013-01-02,4,3,3,0,0,0.75,0,0,2,0,
585F9D1D4B00FC6ACD4892DF4B80879C,2013-01-02,0,8,8,2,2,-1,0,0,1,0,
8FDB26399D961A2B787D78025514B01B,2013-01-02,13,12,12,2,2,1.07692307692,0,1,5,0,
770061542E865309BDB8ED6D15713118,2013-01-02,0,2,2,0,0,-1,0,0,1,0,
B9EF15EDC052BCC655DCB00139B4258F,2013-01-02,3,7,7,0,0,2.33333333333,0,0,1,0,
A02E6D508B68E353ACB3C1C3CDDF98B4,2013-01-02,4,12,12,3,3,3.75,0,0,4,0,
B700AA9F2CC2ACF1EEF090F5BA06BC7E,2013-01-02,3,3,3,0,0,1.0,0,0,1,0,
2FDDC78C714C7D02C77D58A3CCF28B5A,2013-01-02,19,8,8,0,0,0.421052631579,2,0,0,0,
B7CCE57ACEE328A74D6278F54DEBA8CD,2013-01-02,1,6,6,1,1,7.0,0,0,2,0,
0DEFCCCF515814FFD23330FD3AF2D8E2,2013-01-02,6,0,0,0,0,0.0,2,0,0,0,
2933428C92E27576D7F8FAE854AF5C32,2013-01-02,2,2,2,0,0,1.0,0,0,1,0,
3D49AB2607DAA92B37AD37BC341A449F,2013-01-02,16,17,17,5,5,1.375,4,0,0,0,
E447D069372CC948867A07F2D6AB7724,2013-01-02,1,2,2,1,1,3.0,0,0,1,0,
E7602750EDFEC363E26EA8B09274B3F8,2013-01-02,0,1,1,0,0,-1,1,0,0,0,
E13E169BCD34A16479F3ECB1C177DBA4,2013-01-02,5,4,4,0,0,0.8,2,0,0,0,
FD01F66D371CE276F50F8F50C9EDEB7D,2013-01-02,3,5,5,0,0,1.66666666667,0,0,1,0,
62A796CACE0ADDDACFA0EC4D7A06B14E,2013-01-02,0,0,0,0,0,-1,0,0,1,0,
B9E52B548538D6728B23890123EDBA41,2013-01-02,2,6,6,0,0,3.0,0,0,4,0,
E2B74B8ED66CF57AC094214E64FDF8EE,2013-01-02,12,33,33,18,18,4.25,0,0,2,0,
38A62B5A9CF57A5A590E5EE635811C12,2013-01-02,5,6,6,0,0,1.2,0,0,1,0,
15E68B1A2E534CE5D71ECACFD97A5C09,2013-01-02,4,1,1,0,0,0.25,1,0,0,0,
04F7EBB312E045795BFD4F06C69F9A39,2013-01-02,2,1,1,0,0,0.5,2,0,0,0,
0C65947F21B049D0657F3233A53738D8,2013-01-02,13,6,6,2,2,0.615384615385,0,0,1,0,
518979E79C72AD6DD92268575D8E5C2F,2013-01-02,2,4,4,2,2,3.0,0,0,1,0,
8A0B152AF9E57F1E18A3DCD319D73E49,2013-01-02,4,4,4,1,1,1.25,0,0,1,0,
3A862AC34C1242A769A2B66987EC6E67,2013-01-02,0,1,1,0,0,-1,1,0,1,0,
7F183813C10FB76A07043B2BF9CC2F91,2013-01-02,2,2,2,0,0,1.0,0,0,1,0,
AC751F19AB1E7A449C5C4F04C2861D16,2013-01-02,5,5,5,1,1,1.2,0,0,2,0,
CAF4B75CB2478C3EB171C0BA2B63676D,2013-01-02,1,2,2,0,0,2.0,0,0,2,0,
7FAB0BDFA843E1295761BD106EFEF8F2,2013-01-02,4,7,7,0,0,1.75,0,0,2,0,
4FD704763A6D67EF42B0E343EBEAA977,2013-01-02,4,14,14,3,3,4.25,2,0,0,0,
9527D2CC034A8730DA57BD3A0D64ED2B,2013-01-02,7,1,1,0,0,0.142857142857,0,0,1,0,
78C4997B001DB169CE4AE18EC8FC435F,2013-01-02,2,1,1,0,0,0.5,0,0,1,0,
4D3ADEADAA0989CEA5B72FD6B2A1C50F,2013-01-02,2,2,2,0,0,1.0,0,0,2,0,
367CB747DBB2BD0BF25905FD3FBDE47D,2013-01-02,13,3,3,0,0,0.230769230769,0,2,0,0,
64302F4DF4E7BF0E12DAA99B982E6E92,2013-01-02,4,11,11,1,1,3.0,1,0,0,0,
20E807205C80A73AD61EF86FA9D7A1E4,2013-01-02,12,8,8,1,1,0.75,0,0,2,0,
F98431F52B18D9FAAFD18CDA2C635B3C,2013-01-02,2,8,8,0,0,4.0,3,0,0,0,
1103CB24A5191B5D97A2F2C35DA3E3A9,2013-01-02,11,7,7,2,2,0.818181818182,0,0,5,0,
FF9D7E715D2B191B35B2DDE0E6A8074D,2013-01-02,3,0,0,0,0,0.0,2,0,0,0,
D80C70659B654826464DD29125A3012C,2013-01-02,1,3,3,0,0,3.0,0,0,1,0,
E9C0B407A80EB9E9AC61AF880185782B,2013-01-02,1,0,0,0,0,0.0,3,0,0,0,
D13DA0DFD2B57F4DE21723701653D643,2013-01-02,2,6,6,0,0,3.0,3,0,0,0,
E0B29ECB45F4A8863BFDF9F6636E44C2,2013-01-02,3,3,3,0,0,1.0,0,0,3,0,
3DDA255C0A1C453F42EFB69A8B84E00F,2013-01-02,1,2,2,0,0,2.0,0,1,0,0,
ACBCED9F66F10DCBBBE3F3B0FCADEFE5,2013-01-02,0,4,4,0,0,-1,0,0,1,0,
3E9E85465667D08228FA288E7AD592AA,2013-01-02,1,2,2,0,0,2.0,1,0,0,0,
794BC0DF3A463B0FA81443611A593D74,2013-01-02,0,0,0,0,0,-1,0,0,1,0,
66F56E208119631D05727B3F59B55B76,2013-01-02,1,5,5,0,0,5.0,0,0,4,0,
98B3E7CA6C084516BAE8ED3B4A6FDD3E,2013-01-02,4,5,5,1,1,1.5,0,0,3,0,
96655CE3D36F9F3DE022792C0A670C7A,2013-01-02,1,8,8,3,3,11.0,0,0,1,0,
D2C545322C4770CE769870BFDABC684A,2013-01-02,0,2,2,0,0,-1,2,0,0,0,
27D52915BDC67DA45B1EA39000D279BB,2013-01-02,3,7,7,0,0,2.33333333333,0,0,1,0,
65249D55540BA5040F26A1B8D8CE6A2D,2013-01-02,0,2,2,0,0,-1,0,2,0,0,
3D323D7751ECBA3AB882D6DAF674CE55,2013-01-02,1,1,1,0,0,1.0,0,1,0,0,
B8C69DCE4D61B253204CEE09CF5556BE,2013-01-02,0,1,1,0,0,-1,0,0,1,0,
5BDBEAA12595E8C6E85665BF5C5D558D,2013-01-02,3,1,1,0,0,0.333333333333,2,0,0,0,
CE20DE919BDAC0F31BAD4C008B97EB1A,2013-01-02,1,1,1,0,0,1.0,0,0,1,0,
68C62E5BDA2FD2FE8BB7A1F0AF10B0C6,2013-01-02,10,11,11,2,2,1.3,0,0,1,0,
505F3DDDCA017BB02ED5FD53CCD88E13,2013-01-02,8,16,16,2,2,2.25,3,1,0,0,
7F76F473FBDFC13CAD3A72467A1EEBAA,2013-01-02,2,4,4,0,0,2.0,0,2,0,0,
F877BEAA2D5AC07C4ADF2409274AEB29,2013-01-02,4,5,5,0,0,1.25,0,0,3,0,
A3AA48B95BC9134BD72645A68640A35B,2013-01-02,1,3,3,1,1,4.0,0,0,2,0,
0A28B082032EA0567A2968A9E762B11C,2013-01-02,7,16,16,2,2,2.57142857143,0,0,5,0,
F25E99847029DFDBBE17DDDAF5DFA456,2013-01-02,1,3,3,0,0,3.0,0,0,2,0,
C1ACAB304689FCD9A2C49EF595C586B8,2013-01-02,3,4,4,0,0,1.33333333333,1,0,0,0,
0AE6DE86DB10E941783257A0AF6F7B3F,2013-01-02,1,4,4,1,1,5.0,0,2,2,0,
E78BE61E799ED36A98780A6B6AF7978A,2013-01-02,2,7,7,3,3,5.0,0,0,3,0,
B337D3E70EFDEAFC26F28BDA89D1D8A6,2013-01-02,2,9,9,6,6,7.5,3,0,0,0,
883355EBDDDA1C2907D74585682F5694,2013-01-02,1,6,6,2,2,8.0,0,0,2,0,
45E5F5BFBA8D9C7CAC66DC5FF88E539B,2013-01-02,6,6,6,0,0,1.0,0,0,1,0,
BDDF89A863F1A587B1CF134EDFC645F0,2013-01-02,1,2,2,0,0,2.0,0,0,1,0,
4C47238861762A124B872AF6CCE97CEC,2013-01-02,2,4,4,1,1,2.5,0,0,6,0,
84F43A5F8766935490CABF9821A5DE05,2013-01-02,1,2,2,0,0,2.0,24,0,0,0,
50291366788B4D725E3D171551DD5A6A,2013-01-02,6,11,11,2,2,2.16666666667,0,3,0,0,
CC71D985EF06D74D01D896B15EA10E63,2013-01-02,3,3,3,0,0,1.0,0,0,2,0,
DFC4F357F9A827B0A5B0FC089370AE0F,2013-01-02,3,8,8,0,0,2.66666666667,2,0,0,0,
08B0C124520852F54585C7FC663D4FAC,2013-01-02,5,5,5,0,0,1.0,0,0,2,0,
314A29A5A3C49A60A953689B9639C3DC,2013-01-02,3,2,2,0,0,0.666666666667,1,0,0,0,
321EB496BB06A4DAA93F4288C233ABE0,2013-01-02,19,12,12,0,0,0.631578947368,0,0,1,0,
FE7C8E9BC69126C94685D324D69CCE0D,2013-01-02,3,1,1,0,0,0.333333333333,0,0,1,0,
A89660D8BAA9D33D24C6B3769B5360F8,2013-01-02,0,0,0,0,0,-1,1,0,0,0,
81040BC75271F0DECC0FE5DD68E282D4,2013-01-02,2,1,1,0,0,0.5,4,0,0,0,
B0E3D8FECDE12A4E12566F960B44E2A8,2013-01-02,4,6,6,0,0,1.5,0,0,1,0,
19B4FE8A95C04FB23DC0A7F6CD42EE3F,2013-01-02,3,4,4,0,0,1.33333333333,0,0,4,0,
3A20EAA9AE30C4B0B9B1402BB7E5724C,2013-01-02,3,1,1,0,0,0.333333333333,4,0,0,0,
27EDF8E00F3C0856BE220CE8A3571174,2013-01-02,1,6,6,2,2,8.0,0,0,2,0,
6863468D71288A59E370B721FF824F46,2013-01-02,0,3,3,0,0,-1,0,0,1,0,
7FEFC8F05C9878B8F9770E6C49FE5136,2013-01-02,1,1,1,0,0,1.0,0,0,1,0,
2E455DC8828884187B97EA01DF5519AF,2013-01-02,6,12,12,2,2,2.33333333333,0,0,8,0,
35D77CF8FCE972178C8D9FAA877497D4,2013-01-02,15,9,9,2,2,0.733333333333,0,0,2,0,
CEF43A3F03A313989665DB0040908FF9,2013-01-02,3,5,5,0,0,1.66666666667,0,0,1,0,
A70914D4FE1EA7B9DF157D250BB1F277,2013-01-02,6,5,5,0,0,0.833333333333,0,0,2,0,
6E7871ABA2B6CFA234EC873581017C7E,2013-01-02,4,5,5,0,0,1.25,1,0,0,0,
C5E91EF02E68D80F6A208AC34A51C583,2013-01-02,4,8,8,0,0,2.0,0,0,4,0,
AEDA669C6132766E25332D8323E34F48,2013-01-02,2,1,1,0,0,0.5,0,0,1,0,
60307518DC3E55F85C54305F4ABD2838,2013-01-02,4,6,6,1,1,1.75,0,0,2,0,
65BF178036F403B55C92644A8E29A285,2013-01-02,0,1,1,0,0,-1,0,0,1,0,
C5101563A6D88C8E9AE2B10FE4BA094E,2013-01-02,6,4,4,1,1,0.833333333333,0,0,1,0,
B05FA1E49818BAE5526411EBBB576E54,2013-01-02,2,2,2,0,0,1.0,0,0,1,0,
1482DE2F6B77A7D16E6CF6F1898AF6CF,2013-01-02,0,2,2,0,0,-1,0,0,1,0,
F659BC563438DEE2C08481334D5DF508,2013-01-02,1,1,1,0,0,1.0,12,0,0,0,
B8A80F554DBBDD26FDF63950527A2594,2013-01-02,1,7,7,2,2,9.0,1,0,0,0,
7530C30A6E5C348515949333BF33F72C,2013-01-02,4,6,6,1,1,1.75,0,0,1,0,
40BA0D219FCB736F9B34CB7AC5F716E4,2013-01-02,7,10,10,9,9,2.71428571429,2,0,0,0,
E51EC04C955C580AEEED5075F9AFE05F,2013-01-02,2,4,4,0,0,2.0,0,0,1,0,
C2B6BDB2F0CA16B18B5EC3B0200E2A15,2013-01-02,2,4,4,0,0,2.0,0,0,2,0,
50B4724A37C04B349EEFDB0274BEE433,2013-01-02,4,7,7,0,0,1.75,0,0,3,0,
806EB0001874CCA79B8F0EEBD7DA60BF,2013-01-02,3,5,5,1,1,2.0,0,1,2,0,
AF97B053BC5E1CEFFC9B17D4FE58E1F0,2013-01-02,1,3,3,0,0,3.0,0,1,0,0,
AF4109B40AAF3269A46D34F0FEAE9D59,2013-01-02,0,0,0,0,0,-1,1,0,0,0,
BE03C6697D2AB2C772979A67ADD05136,2013-01-02,6,14,14,5,5,3.16666666667,3,0,0,0,
B91498E88D35ED7D539F7E2C05EB8910,2013-01-02,0,1,1,0,0,-1,0,0,1,0,
F7E98A1B244329571890E4388F4DA5F8,2013-01-02,5,10,10,1,1,2.2,2,0,0,0,
1017F06F6B070534BF27D63C02994135,2013-01-02,6,3,3,0,0,0.5,0,0,4,0,
62A69778555FFE4739606B8001A8C360,2013-01-02,2,5,5,1,1,3.0,3,0,0,0,
76A7477AC8B2065D7328DA6B72CA6304,2013-01-02,1,6,6,0,0,6.0,1,0,0,0,
6DD29B7F3FEEDFE7ABA5EA316DBB9388,2013-01-02,0,7,7,0,0,-1,0,2,0,0,
6C983D9C2B99A9C2172C52E0FBC3E206,2013-01-02,1,5,5,0,0,5.0,3,0,0,0,
0C5CC8ABA6D6758370F1DACAC878994E,2013-01-02,1,10,10,1,1,11.0,0,0,1,0,
8586F9DEF18D5C0120490E13C678A4A2,2013-01-02,1,10,10,0,0,10.0,2,0,1,0,
E40476EBE748B4F770E8E1953A4CD5D1,2013-01-02,0,2,2,0,0,-1,0,0,3,0,
B81EA754BD51F4E4BAB82E8902744027,2013-01-02,2,5,5,3,3,4.0,0,0,1,0,
7DC5E0C677AFE66BD96F8EA1BBCFD020,2013-01-02,4,2,2,0,0,0.5,2,0,0,0,
0E619E65796DDB8D88664E09644AEAE0,2013-01-02,3,5,5,0,0,1.66666666667,0,1,0,0,
5CBA59C3104E53B6D40621B5286E595C,2013-01-02,1,2,2,0,0,2.0,0,0,2,0,
64156EB56DD86CE91EBF7C442822B551,2013-01-02,12,0,0,0,0,0.0,3,0,0,0,
82599A8320FFE657F8E3564D8DB7638A,2013-01-02,0,0,0,0,0,-1,1,0,0,0,
16145A9F00762E5E5A2DD8DF393173C1,2013-01-02,3,4,4,0,0,1.33333333333,1,0,0,0,
6F745D481671338F601AAFCCC32A53F8,2013-01-02,1,8,8,0,0,8.0,2,0,0,0,
6BA7C166323A8EF9C5B6C5A775368114,2013-01-02,4,4,4,0,0,1.0,6,0,0,0,
927EC164F74CD8CAC708F135C16DA947,2013-01-02,1,2,2,0,0,2.0,0,0,3,0,
65AB4CD1710B12E7BA5F9051376742AB,2013-01-02,4,1,1,0,0,0.25,0,0,1,0,
2DC9B45365CB5600CE5CBD03A4A74F01,2013-01-02,10,8,8,3,3,1.1,0,0,3,0,
1E25DB4A65F922C643B6AD727B6AC3D8,2013-01-02,2,4,4,0,0,2.0,2,0,0,0,
1665A26FD41FF4A1E3EC5453EFBEF2F5,2013-01-02,4,2,2,1,1,0.75,0,0,1,0,
7ADD60242038BD9E62ECF6D3E19711D9,2013-01-02,2,1,1,0,0,0.5,0,0,1,0,
DCAAD0DA41F09428B2D796B35ABF0855,2013-01-02,3,6,6,0,0,2.0,0,0,1,0,
B88D3AF375EFBAA1D051A54B99AAD7BE,2013-01-02,0,1,1,0,0,-1,0,0,1,0,
A404BC51D183E05B964354F260CC6BB1,2013-01-02,1,1,1,0,0,1.0,0,0,1,0,
0B5C26B394A13314F66D30CFDA84231B,2013-01-02,22,16,16,7,7,1.04545454545,0,0,3,0,
FA23A93626EE840CA45B459DD326FBEC,2013-01-02,0,0,0,0,0,-1,0,0,1,0,
6A9E7B87150F1663D11DC1FC0AD15E1D,2013-01-02,4,11,11,0,0,2.75,0,0,2,0,
31E33800BC9D372003C388C36CCACB0C,2013-01-02,2,4,4,1,1,2.5,0,0,1,0,
6530829931D27B402D3F782A3BDB3372,2013-01-02,3,5,5,0,0,1.66666666667,0,0,2,0,
6DD24CBD357ADC6DF14315E5438B60C8,2013-01-02,2,1,1,0,0,0.5,0,0,1,0,
C25AE231834D8A4F2F57F0698D293527,2013-01-02,2,6,6,0,0,3.0,0,1,2,0,
0C707BCC00323F3B2760835EE288A547,2013-01-02,2,12,12,3,3,7.5,0,0,4,0,
ABC855F01D2C13902BD1992D96F5FF84,2013-01-02,0,0,0,0,0,-1,0,0,1,0,
6419BBA032C8FC315E5A60B43A2E6EBF,2013-01-02,0,4,4,0,0,-1,0,0,2,0,
8EF451681EDD5FEE7EC2A2FB44884DE5,2013-01-02,6,6,6,0,0,1.0,0,0,5,0,
60F861D2CB678DA2D6710A8ACCB4EC6C,2013-01-02,1,1,1,0,0,1.0,0,0,1,0,
E422569A5A2732DAA3E6496E845155D4,2013-01-02,1,2,2,0,0,2.0,0,1,0,0,
34F8D0DABDD27DF7179F8F8BD1543ED7,2013-01-02,1,1,1,0,0,1.0,0,1,0,0,
AB4F93CB3B10BCDE9452F4B29C197A07,2013-01-02,0,0,0,0,0,-1,0,0,1,0,
14DA856E67B61E040CB471726DE581F4,2013-01-02,0,0,0,0,0,-1,0,0,1,0,
9A538BAC346883CACE6D982F4E011358,2013-01-02,1,1,1,0,0,1.0,1,0,0,0,
C0641604DD241B5863D8596E8C621157,2013-01-02,0,0,0,0,0,-1,0,0,1,0,
6191E78808DE536D17ADB3C63E5AF1A7,2013-01-02,3,8,8,1,1,3.0,0,0,4,0,
A62A217811A4C3F3F584F7E5ECE91BDF,2013-01-02,6,16,16,4,4,3.33333333333,0,0,2,0,
7C6C5668A4861B2F62F8AA62C0446584,2013-01-02,0,4,4,0,0,-1,0,0,4,0,
945628AF282B6F0465AB407A16E8FBE0,2013-01-02,5,6,6,1,1,1.4,0,1,0,0,
2B9FB6E562F6C6247B5859A67F1444FD,2013-01-02,1,5,5,0,0,5.0,0,0,1,0,
C08AE6F85E6D5DA65D3E9B6E31E00866,2013-01-02,6,7,7,0,0,1.16666666667,0,6,1,0,
70ADAC7FF64FDA29B4A7DA0321CEC365,2013-01-02,0,0,0,0,0,-1,0,0,1,0,
EAF797C7E5EAF976A94489FC265C5F11,2013-01-02,2,0,0,0,0,0.0,2,0,0,0,
91E599E08497431EF01FEE6AFC79DA00,2013-01-02,1,1,1,0,0,1.0,0,1,1,0,
61B78E9C7CB419D0EBF5B4B234B28311,2013-01-02,0,0,0,0,0,-1,0,0,1,0,
2FA3D0403CCF513380C2DA029C0ED4C0,2013-01-02,4,11,11,0,0,2.75,0,0,11,0,
9A07EA0BABCF5F93F0CB9FADEAB92A6A,2013-01-02,0,0,0,0,0,-1,0,0,2,0,
74364D1674D977B9E3F6C1A24C7140BC,2013-01-02,3,10,10,1,1,3.66666666667,0,0,2,0,
135CF8A2CA4FEDCC936D5733712061BE,2013-01-02,9,9,9,0,0,1.0,0,0,1,0,
3902CA773119CB065711D48E03BD1EED,2013-01-02,5,2,2,0,0,0.4,0,0,1,0,
A78721EA60925EB08BBC6EE1093FCC92,2013-01-02,1,1,1,0,0,1.0,1,0,0,0,
BD97D9E73E3FE17F04011DD7C1BBBE7E,2013-01-02,1,1,1,0,0,1.0,0,0,1,0,
6C463D59F93F89DCA6521AF4609ACC9E,2013-01-02,1,8,8,5,5,13.0,0,0,3,0,
432C3C3842EEFD0EA5D0BA3A74572CE8,2013-01-02,6,4,4,0,0,0.666666666667,5,0,0,0,
2B9695206BA86D7C70D682D6606A4FB9,2013-01-02,13,25,25,6,6,2.38461538462,0,0,4,0,
B69C5087967C64CE9C6A6ADDF19D23B7,2013-01-02,1,4,4,4,4,8.0,9,0,0,0,
9448BFA9B522BA1EF9A76C3E71C724B8,2013-01-02,1,16,16,0,0,16.0,0,0,3,0,
DA05248009B0A50888A484905074CE0A,2013-01-02,6,3,3,0,0,0.5,0,1,0,0,
88C220846987099876C41977A10A1981,2013-01-02,1,0,0,0,0,0.0,1,0,0,0,
5075D9E96BB3FD5BBDAD7515B0969F83,2013-01-02,1,2,2,0,0,2.0,0,2,0,0,
160429505B897A3AC3A08AA561EC48EF,2013-01-02,0,0,0,0,0,-1,0,0,1,0,
2E74247B407CD4C1E0C9D6F55F3E208B,2013-01-02,1,5,5,0,0,5.0,0,0,2,0,
D7CC42EDA0B4D86FD35A5A48612DF760,2013-01-02,1,1,1,0,0,1.0,0,0,1,0,
D5FD6812B88C1DD730472CB756222099,2013-01-02,1,1,1,0,0,1.0,0,0,1,0,
8ABCF05A0AFB7CFA56DFEBBFFC627F4B,2013-01-02,1,0,0,0,0,0.0,1,0,0,0,
11A094192917905473828E37B0736F90,2013-01-02,1,2,2,0,0,2.0,1,0,0,0,
15905F5455B8735719908DED8AA9CA4D,2013-01-02,2,5,5,1,1,3.0,0,0,3,0,
B77351AB0DD878E38EB49583A2F4E906,2013-01-02,2,2,2,0,0,1.0,0,0,1,0,
99CBECDC5E3A594752FCA78FE0A1A333,2013-01-02,0,2,2,0,0,-1,0,2,0,0,
1F66AB26FD58A21690D9013C3A9005F6,2013-01-02,3,4,4,0,0,1.33333333333,1,2,0,0,
EE18F4F0E8C68FD3827AB39ED80472C0,2013-01-02,0,0,0,0,0,-1,0,2,0,0,
4EF68D55327032925E579B5D50D67780,2013-01-02,0,1,1,0,0,-1,0,0,1,0,
D6952D7D213375D5991A7FB3B54DEB04,2013-01-02,3,2,2,0,0,0.666666666667,0,0,1,0,
9123B34ACE4094865BF330C0A287E12E,2013-01-02,1,2,2,0,0,2.0,0,0,2,0,
90C921060C518C1BA0952D382A541C12,2013-01-02,3,11,11,1,1,4.0,0,0,5,0,
CC80D852BE3D49417A057F5CD9F6AAB9,2013-01-02,5,3,3,0,0,0.6,0,1,0,0,
564043D933D1CC04F954344F00CAC385,2013-01-02,2,2,2,0,0,1.0,0,0,2,0,
1888C8C1645883C7C813D24E60D075F2,2013-01-02,1,2,2,1,1,3.0,0,0,1,0,
240E15DE69B5F8EB12783EE574C8BD8E,2013-01-02,6,2,2,0,0,0.333333333333,0,0,1,0,
4A05C0A0E154A73C2F5585909FE42D7A,2013-01-02,2,4,4,0,0,2.0,1,0,0,0,
89445B20DD0EC7FDC9E8744ECF63D9B0,2013-01-02,1,1,1,0,0,1.0,0,1,0,0,
EDEA8F063D09D49DF8D912BF1678670F,2013-01-02,5,2,2,0,0,0.4,0,0,2,0,
55E92863EAA674D8C34714892846DC43,2013-01-02,10,6,6,0,0,0.6,0,0,1,0,
D51F2006C3FD698C6D8D0C924E6E1746,2013-01-02,7,31,31,24,24,7.85714285714,8,0,0,0,
292B1619ABA04DB09F7325EB95A91B51,2013-01-02,4,4,4,0,0,1.0,1,0,0,0,
321334CB7D98655EE0996035E225E77E,2013-01-02,6,38,38,38,38,12.6666666667,5,0,0,0,
70B31946AFC12260362A6D1A3737C566,2013-01-02,2,6,6,0,0,3.0,0,0,1,0,
4D39C99000CF06172F8BBC93A3B46724,2013-01-02,6,1,1,0,0,0.166666666667,4,1,0,0,
3C3BE89BC63C264FD7CB2785380B14A3,2013-01-02,4,2,2,0,0,0.5,0,0,1,0,
295D07F382A3A6B7D4BBA44E9A2C6807,2013-01-02,2,9,9,0,0,4.5,2,0,0,0,
A4D8AB7A0CCD6BADE1C2C8D3D7B41B06,2013-01-02,1,2,2,1,1,3.0,0,1,0,0,
